   2.7993346e+02
   2.7801672e+02
   2.7883995e+02
   2.8073325e+02
   2.8048091e+02
   2.8037679e+02
   2.8026096e+02
   2.8034163e+02
   2.8096768e+02
   2.7922882e+02
   2.8241351e+02
   2.8274514e+02
   2.8014858e+02
   2.8431646e+02
   2.8309333e+02
   2.8165646e+02
   2.8306644e+02
   2.8320227e+02
   2.8304231e+02
   2.8355390e+02
   2.8298991e+02
   2.8399585e+02
   2.8550856e+02
   2.8014030e+02
   2.8652692e+02
   2.8343324e+02
   2.8589122e+02
   2.8606015e+02
   2.8482874e+02
   2.8556717e+02
   2.8587054e+02
   2.8612427e+02
   2.8649727e+02
   2.8540170e+02
   2.8615116e+02
   2.8667860e+02
   2.8724673e+02
   2.8743910e+02
   2.8789346e+02
   2.8769558e+02
   2.8836920e+02
   2.8868429e+02
   2.8659173e+02
   2.8743910e+02
   2.8701507e+02
   2.8773695e+02
   2.8738394e+02
   2.8807755e+02
   2.9012461e+02
   2.8630008e+02
   2.9052726e+02
   2.8599327e+02
   2.9157526e+02
   2.8669998e+02
   2.9162146e+02
   2.8870911e+02
   2.9046934e+02
   2.8941651e+02
   2.8907798e+02
   2.8995224e+02
   2.9051830e+02
   2.9033628e+02
   2.9029835e+02
   2.8995086e+02
   2.8959854e+02
   2.9202687e+02
   2.9221096e+02
   2.9227577e+02
   2.9109815e+02
   2.9367748e+02
   2.9113883e+02
   2.9369816e+02
   2.9177659e+02
   2.8927862e+02
   2.9324242e+02
   2.8839678e+02
   2.9186140e+02
   2.9130637e+02
   2.9079753e+02
   2.9095336e+02
   2.9353820e+02
   2.9060172e+02
   2.9366300e+02
   2.9156837e+02
   2.9488957e+02
   2.9165731e+02
   2.9415528e+02
   2.9442073e+02
   2.9270463e+02
   2.9523776e+02
   2.9414839e+02
   2.9364852e+02
   2.9481097e+02
   2.9509642e+02
   2.9295146e+02
   2.9218131e+02
   2.9268187e+02
   2.9288734e+02
   2.9342444e+02
   2.9323001e+02
   2.9309694e+02
   2.9278460e+02
   2.9323276e+02
   2.9398016e+02
   2.9403600e+02
   2.9344099e+02
   2.9395740e+02
   2.9344168e+02
   2.9330102e+02
   2.9337962e+02
   2.9158492e+02
   2.9601273e+02
   2.9209237e+02
   2.9517502e+02
   2.9320587e+02
   2.9485855e+02
   2.9449037e+02
   2.9364714e+02
   2.9503712e+02
   2.9532877e+02
   2.9524741e+02
   2.9563421e+02
   2.9593689e+02
   2.9679460e+02
   2.9645124e+02
   2.9719794e+02
   2.9737927e+02
   2.9618786e+02
   2.9893128e+02
   2.9627197e+02
   2.9925396e+02
   2.9767230e+02
   3.0019716e+02
   2.9881752e+02
   2.9874581e+02
   2.9950768e+02
   2.9762059e+02
   2.9973866e+02
   2.9950286e+02
   2.9842383e+02
   3.0017303e+02
   2.9910503e+02
   3.0151406e+02
   3.0070668e+02
   3.0065497e+02
   3.0077977e+02
   3.0233660e+02
   3.0216561e+02
   3.0226076e+02
   2.9856793e+02
   3.0364385e+02
   3.0131894e+02
   3.0363144e+02
   3.0274202e+02
   3.0412511e+02
   3.0216148e+02
   3.0466634e+02
   3.0308400e+02
   3.0438228e+02
   3.0485112e+02
   3.0339978e+02
   3.0457809e+02
   3.0243796e+02
   3.0509451e+02
   3.0323499e+02
   3.0421681e+02
   3.0493593e+02
   3.0280821e+02
   3.0363971e+02
   3.0397135e+02
   3.0337840e+02
   3.0190775e+02
   3.0385552e+02
   3.0471874e+02
   3.0024473e+02
   3.0597014e+02
   3.0510623e+02
   3.0391757e+02
   3.0741046e+02
   3.0433815e+02
   3.0720913e+02
   3.0472426e+02
   3.0683957e+02
   3.0525033e+02
   3.0360386e+02
   3.0642727e+02
   3.0366867e+02
   3.0687474e+02
   3.0398859e+02
   3.0596876e+02
   3.0406374e+02
   3.0688025e+02
   3.0471461e+02
