   6.5047924e+01
   6.6689566e+01
   6.6250370e+01
   6.6430323e+01
   6.4575633e+01
   6.4459111e+01
   6.4507375e+01
   6.4217105e+01
   6.5121008e+01
   6.6563392e+01
   6.5045855e+01
   6.5398178e+01
   6.5060334e+01
   6.5155482e+01
   6.2376894e+01
   6.5806347e+01
   6.7812723e+01
   6.5247872e+01
   6.5822205e+01
   6.5311993e+01
   6.4991387e+01
   6.3697930e+01
   6.4330179e+01
   8.9366432e+01
   3.8367823e+02
   3.8801089e+02
   3.8302253e+02
   3.8962840e+02
   3.8709596e+02
   3.8723454e+02
   3.8446078e+02
   3.8725247e+02
   3.8090308e+02
   3.7930971e+02
   3.7467160e+02
   3.6991697e+02
   3.6603040e+02
   3.5836825e+02
   3.4426433e+02
   3.2197702e+02
   3.1283732e+02
   3.0401686e+02
   2.9792396e+02
   2.9376987e+02
   2.8981572e+02
   2.8618977e+02
   2.8297612e+02
   2.8309471e+02
   2.8279823e+02
   2.8291338e+02
   2.8542100e+02
   2.8614564e+02
   2.8686407e+02
   2.8229423e+02
   2.7718452e+02
   2.7108611e+02
   2.6929071e+02
   2.6354875e+02
   2.6259659e+02
   2.5823841e+02
   2.5835976e+02
   2.5534606e+02
   2.5511715e+02
   2.5391333e+02
   2.5097409e+02
   2.5299977e+02
   2.5412086e+02
   2.5362375e+02
   2.5520816e+02
   2.5583076e+02
   2.5661814e+02
   2.5653954e+02
   2.5799916e+02
   2.6245387e+02
   2.6176163e+02
   2.6378318e+02
   2.6235527e+02
   2.6464019e+02
   2.6699338e+02
   2.7141843e+02
   2.7078894e+02
   2.7055935e+02
   2.7203896e+02
   2.7437697e+02
   2.7560010e+02
   2.7728036e+02
   2.7685978e+02
   2.7653641e+02
   2.7390399e+02
   2.7846970e+02
   2.7789951e+02
   2.7581453e+02
   2.7826907e+02
   2.7750720e+02
   2.7676670e+02
   2.7529536e+02
   2.7658261e+02
   2.7446867e+02
   2.7128743e+02
   2.7016152e+02
   2.7011119e+02
   2.6911834e+02
   2.6938517e+02
   2.6885289e+02
   2.6848678e+02
   2.6646110e+02
   2.6638319e+02
   2.6657831e+02
   2.6571647e+02
   2.6639974e+02
   2.6591228e+02
   2.6362735e+02
   2.6299648e+02
   2.6328124e+02
   2.6247593e+02
   2.6361150e+02
   2.6408999e+02
   2.6397002e+02
   2.6361563e+02
   2.6249041e+02
   2.6297166e+02
   2.6173267e+02
   2.6356254e+02
   2.6199467e+02
   2.6412309e+02
   2.6246559e+02
   2.6523521e+02
   2.6570819e+02
   2.6563649e+02
   2.6535449e+02
   2.6366252e+02
   2.6338604e+02
   2.6591366e+02
   2.6364873e+02
   2.6338259e+02
   2.6465674e+02
   2.6535380e+02
   2.6469949e+02
   2.6586057e+02
   2.6559650e+02
   2.6544137e+02
   2.6565441e+02
   2.6570681e+02
   2.6448093e+02
   2.6463123e+02
   2.6356047e+02
   2.6299786e+02
   2.6231183e+02
   2.6268070e+02
   2.6291375e+02
   2.6190504e+02
   2.6219876e+02
   2.6217532e+02
   2.6195124e+02
   2.6278619e+02
   2.6271035e+02
   2.6201812e+02
   2.6230977e+02
   2.6158306e+02
   2.6057987e+02
   2.6033648e+02
   2.6060676e+02
   2.6071363e+02
   2.6101769e+02
   2.6152721e+02
   2.6012137e+02
   2.5905889e+02
   2.5854936e+02
   2.6089427e+02
   2.6081222e+02
   2.6085014e+02
   2.5642647e+02
   2.6083842e+02
   2.5731037e+02
   2.6109422e+02
   2.6204294e+02
   2.5968217e+02
   2.5841905e+02
   2.6245111e+02
   2.6000554e+02
   2.6027443e+02
   2.6069984e+02
   2.5939052e+02
   2.5955876e+02
   2.6055712e+02
   2.5957324e+02
   2.5748136e+02
   2.6330468e+02
   2.5836458e+02
   2.6262761e+02
   2.5805225e+02
   2.6117696e+02
   2.6125969e+02
   2.6107353e+02
   2.6047990e+02
   2.6033235e+02
   2.6056884e+02
   2.5966011e+02
   2.6015102e+02
   2.5798882e+02
   2.5911749e+02
   2.5998072e+02
   2.6016963e+02
   2.5765098e+02
   2.5865072e+02
   2.5795917e+02
   2.5853764e+02
   2.5679947e+02
   2.5937122e+02
   2.5789022e+02
   2.5852799e+02
   2.5846456e+02
   2.5759444e+02
   2.5637200e+02
   2.5939604e+02
   2.5913128e+02
   2.5740897e+02
   2.6015998e+02
   2.5764339e+02
   2.5724901e+02
   2.5810879e+02
   2.5835838e+02
   2.5844387e+02
   2.5843422e+02
   2.5856798e+02
   2.5714145e+02
   2.5618377e+02
   2.5679947e+02
   2.5776129e+02
   2.5687118e+02
   2.5625065e+02
   2.5598107e+02
   2.5761857e+02
   2.5742414e+02
   2.5738208e+02
   2.5707251e+02
   2.5724005e+02
   2.5673121e+02
   2.5584110e+02
   2.5632718e+02
   2.5691186e+02
   2.5782817e+02
   2.5713249e+02
   2.5620859e+02
   2.5548051e+02
   2.5463383e+02
   2.5706492e+02
   2.5595211e+02
   2.5673190e+02
   2.5632442e+02
   2.5244405e+02
   2.5829564e+02
   2.5339346e+02
   2.5621204e+02
   2.5579146e+02
   2.5638923e+02
   2.5470622e+02
   2.5738622e+02
   2.5493099e+02
   2.5657126e+02
   2.5571975e+02
   2.5520058e+02
   2.5683946e+02
   2.5230892e+02
   2.5603967e+02
   2.5574526e+02
   2.5464555e+02
   2.5471036e+02
   2.5609828e+02
   2.5396366e+02
   2.5423669e+02
   2.5391126e+02
   2.5217585e+02
   2.5336657e+02
   2.5605001e+02
   2.5207105e+02
   2.5574457e+02
   2.5177112e+02
   2.5513577e+02
   2.5214068e+02
   2.5165185e+02
   2.5008191e+02
   2.5372855e+02
   2.5390298e+02
   2.5380232e+02
   2.5323695e+02
   2.5161944e+02
   2.5319489e+02
   2.5250059e+02
   2.5174217e+02
   2.5271709e+02
   2.5193936e+02
   2.5173734e+02
   2.5143328e+02
   2.5114301e+02
   2.5060453e+02
   2.5100512e+02
   2.5039424e+02
   2.5049559e+02
   2.5001365e+02
   2.5047629e+02
   2.4979233e+02
   2.4842923e+02
   2.5132297e+02
   2.4952274e+02
   2.4950895e+02
   2.4957928e+02
   2.4624015e+02
   2.5263504e+02
   2.4876639e+02
   2.5004881e+02
   2.5101477e+02
   2.4920972e+02
   2.5026669e+02
   2.5099202e+02
   2.4757222e+02
   2.5148637e+02
   2.4927384e+02
   2.5087825e+02
   2.4921662e+02
   2.5057350e+02
   2.5085274e+02
   2.4898150e+02
   2.4959031e+02
   2.4996677e+02
   2.4997780e+02
   2.5065486e+02
   2.5090583e+02
   2.4916215e+02
   2.4945517e+02
   2.5071002e+02
   2.4839062e+02
   2.4703373e+02
   2.5039424e+02
   2.5096926e+02
   2.4438684e+02
   2.4932417e+02
   2.4931797e+02
   2.4851335e+02
   2.5172079e+02
   2.4991506e+02
   2.4964133e+02
   2.4931659e+02
   2.4944552e+02
   2.4935313e+02
   2.4924971e+02
   2.4976682e+02
   2.4918352e+02
   2.4811345e+02
   2.4844647e+02
   2.4858781e+02
   2.4912492e+02
   2.4801555e+02
   2.4901943e+02
   2.4946414e+02
   2.4861608e+02
   2.4832306e+02
   2.4888429e+02
   2.4849749e+02
   2.4920214e+02
   2.4740536e+02
   2.4926281e+02
   2.4809277e+02
   2.4706614e+02
   2.4809070e+02
   2.4802727e+02
   2.4710751e+02
   2.4769701e+02
   2.4744880e+02
   2.4600917e+02
   2.4888429e+02
   2.4584301e+02
   2.4823273e+02
   2.4553688e+02
   2.4876708e+02
   2.4594988e+02
   2.4849060e+02
   2.4537486e+02
   2.4720473e+02
   2.4431858e+02
   2.4830651e+02
   2.4741570e+02
   2.4612432e+02
   2.4776458e+02
   2.4551275e+02
