   2.9517157e+01
   2.9877064e+01
   3.1199478e+01
   3.1705554e+01
   3.1335995e+01
   3.1142941e+01
   9.6104681e+01
   1.9757900e+02
   1.9231071e+02
   2.0142076e+02
   1.9734182e+02
   1.9997148e+02
   2.0457167e+02
   2.1627759e+02
   2.2859853e+02
   2.5271019e+02
   2.7519745e+02
   2.9208617e+02
   3.0884319e+02
   3.2547542e+02
   3.2994460e+02
   3.5566688e+02
   3.8402158e+02
   4.0892132e+02
   4.2976694e+02
   4.5487903e+02
   4.7720978e+02
   5.0140832e+02
   5.2743190e+02
   5.6327224e+02
   5.8589326e+02
   6.2373653e+02
   6.4892516e+02
   6.6398676e+02
   6.7688410e+02
   6.8180627e+02
   6.8814807e+02
   6.8633957e+02
   6.8632372e+02
   6.8806740e+02
   6.8253711e+02
   6.8332587e+02
   6.9118728e+02
   6.8342861e+02
   6.9056124e+02
   6.8354513e+02
   6.9260139e+02
   6.9174438e+02
   6.8826252e+02
   6.8219100e+02
   6.9390244e+02
   6.9102112e+02
   6.8493718e+02
   6.8571008e+02
   6.8538189e+02
   6.8035423e+02
   6.9150513e+02
   6.8309490e+02
   6.9399965e+02
   6.9314470e+02
   6.9003448e+02
   6.9014686e+02
   6.8946014e+02
   6.9520624e+02
   6.9806204e+02
   6.9440989e+02
   6.9577988e+02
   6.9113419e+02
   6.9239731e+02
   6.8441594e+02
   6.9700163e+02
   6.9225114e+02
   6.9559924e+02
   6.9495182e+02
   6.9631147e+02
   6.9792070e+02
   6.9818063e+02
   6.9654658e+02
   7.0012082e+02
   7.0521329e+02
   7.0213547e+02
   7.0886269e+02
   7.0040626e+02
   7.0298835e+02
   6.9945272e+02
   7.0011117e+02
   6.9726156e+02
   6.9649900e+02
   6.9724915e+02
   7.1050019e+02
   7.0581382e+02
   7.0691698e+02
   7.0416046e+02
   7.0303661e+02
   6.9743048e+02
   6.9867775e+02
   7.0542634e+02
   7.1048709e+02
   7.1009823e+02
   7.0511263e+02
   7.1099937e+02
   7.0715416e+02
   7.1124207e+02
   7.0030698e+02
   7.0400809e+02
   7.0802153e+02
   7.0948390e+02
   7.0934256e+02
   7.0988104e+02
   7.0778366e+02
   7.0030008e+02
   7.1185432e+02
   7.1093318e+02
   7.1436884e+02
   7.1371591e+02
   7.0987553e+02
   7.0553045e+02
   7.0973625e+02
   7.0642125e+02
   7.0878478e+02
   7.1754664e+02
   7.1158405e+02
   7.1330774e+02
   7.0737893e+02
   7.1318432e+02
   7.1699437e+02
   7.1058776e+02
   7.1255828e+02
   7.1171229e+02
   7.1831127e+02
   7.1415028e+02
   7.1637453e+02
   7.1167575e+02
   7.1301540e+02
   7.1945648e+02
   7.1174194e+02
   7.1866152e+02
   7.1741839e+02
   7.1270445e+02
   7.1586294e+02
   7.1005824e+02
   7.1681924e+02
   7.1927308e+02
   7.2160903e+02
   7.1899729e+02
   7.1120001e+02
   7.1723913e+02
   7.2196687e+02
   7.1312227e+02
   7.2001979e+02
   7.1958955e+02
   7.1797618e+02
   7.2025972e+02
   7.2026662e+02
   7.1844296e+02
   7.1447916e+02
   7.1529481e+02
   7.2431109e+02
   7.2473236e+02
   7.1931238e+02
   7.1694610e+02
   7.2453034e+02
   7.1643313e+02
   7.2052931e+02
   7.1548097e+02
   7.2449586e+02
   7.2833211e+02
   7.2154008e+02
   7.2557283e+02
   7.3203597e+02
   7.2477234e+02
   7.1407375e+02
   7.1794998e+02
   7.1315467e+02
   7.2623955e+02
   7.1431782e+02
   7.2130980e+02
   7.2203237e+02
   7.2119534e+02
   7.3008407e+02
   7.2239848e+02
   7.2338995e+02
   7.2587482e+02
   7.2702348e+02
   7.2394084e+02
   7.1964678e+02
   7.2787223e+02
   7.2527911e+02
   7.1965230e+02
   7.2470271e+02
   7.2785430e+02
   7.3007028e+02
   7.1905038e+02
   7.2178416e+02
   7.2867478e+02
   7.2928152e+02
   7.2682078e+02
   7.2680630e+02
   7.2525843e+02
   7.2606787e+02
   7.2713242e+02
   7.2390912e+02
   7.2103332e+02
   7.2268323e+02
   7.2671115e+02
   7.2735650e+02
   7.2545768e+02
   7.2464755e+02
   7.2245364e+02
   7.3106312e+02
   7.2982138e+02
   7.3090454e+02
   7.3542199e+02
   7.2892299e+02
   7.2894988e+02
   7.2900849e+02
   7.2548319e+02
   7.3043156e+02
   7.2704141e+02
   7.3120378e+02
   7.3279785e+02
   7.3279371e+02
   7.3106933e+02
   7.2556662e+02
   7.3060186e+02
   7.2766263e+02
   7.2921947e+02
   7.2725722e+02
   7.2240537e+02
   7.3066736e+02
   7.2140494e+02
   7.2803701e+02
   7.3069770e+02
   7.2913052e+02
   7.3951817e+02
   7.2917603e+02
   7.3637760e+02
   7.2059895e+02
   7.3539234e+02
   7.2820731e+02
   7.3069356e+02
   7.3123618e+02
   7.3849154e+02
   7.3307501e+02
   7.3677199e+02
   7.2640847e+02
   7.3305364e+02
   7.2196411e+02
   7.3614111e+02
   7.3020886e+02
   7.3389273e+02
   7.3248275e+02
   7.3618248e+02
   7.3597564e+02
   7.3272752e+02
   7.3316672e+02
   7.3797719e+02
   7.3987876e+02
   7.3911482e+02
   7.3599495e+02
   7.3675130e+02
   7.3763038e+02
   7.2918085e+02
   7.3043363e+02
   7.3264823e+02
   7.3050189e+02
   7.3808061e+02
   7.3839639e+02
   7.4165761e+02
   7.4223953e+02
   7.4649980e+02
   7.4169071e+02
   7.3452291e+02
   7.3793099e+02
   7.3924996e+02
   7.3869080e+02
   7.3903691e+02
   7.3563849e+02
   7.3788894e+02
   7.3820678e+02
   7.4028142e+02
   7.4327788e+02
   7.3614387e+02
   7.4744301e+02
   7.4752988e+02
   7.4017524e+02
   7.4324685e+02
   7.4011594e+02
   7.4218989e+02
   7.3765727e+02
   7.3844327e+02
   7.3706639e+02
   7.4046551e+02
   7.4089712e+02
   7.3847913e+02
   7.4102329e+02
   7.3664857e+02
   7.4174931e+02
   7.4310482e+02
   7.4041862e+02
   7.4159832e+02
   7.4472923e+02
   7.4345990e+02
   7.3222696e+02
   7.4001528e+02
   7.3740906e+02
   7.4300209e+02
   7.4078405e+02
   7.3956781e+02
   7.3778896e+02
   7.3917136e+02
   7.3856462e+02
   7.3944026e+02
   7.4265735e+02
   7.3914102e+02
   7.4504225e+02
   7.4568967e+02
   7.3700641e+02
   7.3535235e+02
   7.4297589e+02
   7.4049998e+02
   7.4248291e+02
   7.3108588e+02
   7.3409406e+02
   7.3724359e+02
   7.3782344e+02
   7.4405906e+02
   7.3353834e+02
   7.3486903e+02
   7.4600200e+02
   7.3726220e+02
   7.3902450e+02
   7.3705191e+02
   7.3863012e+02
   7.4288212e+02
   7.4296693e+02
   7.3938303e+02
   7.4138872e+02
   7.3717464e+02
   7.3519033e+02
   7.4522289e+02
   7.4587583e+02
   7.4138389e+02
   7.3772208e+02
   7.4062685e+02
   7.3799029e+02
   7.4483816e+02
   7.4501329e+02
   7.4547041e+02
   7.4200028e+02
   7.4057376e+02
   7.4110741e+02
   7.3945129e+02
   7.4141285e+02
   7.3735735e+02
   7.4227056e+02
   7.4438932e+02
   7.4394874e+02
   7.3711259e+02
   7.3822333e+02
   7.4665838e+02
   7.4089436e+02
   7.3942785e+02
   7.4768846e+02
   7.4548627e+02
   7.4553867e+02
   7.5200665e+02
   7.4581998e+02
   7.4689073e+02
   7.4171415e+02
   7.3906794e+02
   7.4029038e+02
   7.4370122e+02
   7.4625504e+02
   7.4181137e+02
   7.4047861e+02
   7.4911705e+02
   7.4340819e+02
   7.4038346e+02
   7.4711413e+02
   7.4794219e+02
   7.4927770e+02
   7.4411422e+02
   7.4262770e+02
   7.3813922e+02
   7.4034623e+02
   7.5305741e+02
   7.4796632e+02
   7.4644189e+02
   7.4230572e+02
   7.5006646e+02
   7.4872129e+02
   7.4793736e+02
   7.4830623e+02
   7.4373293e+02
   7.4425004e+02
   7.4824900e+02
   7.4265804e+02
   7.4329029e+02
   7.4930183e+02
   7.4949626e+02
   7.4499605e+02
   7.4737130e+02
   7.4908741e+02
   7.4350610e+02
   7.3946232e+02
   7.5248583e+02
   7.4558280e+02
   7.4693210e+02
   7.4701277e+02
   7.4705828e+02
   7.4177344e+02
   7.4960451e+02
   7.4201062e+02
   7.4193754e+02
   7.4187962e+02
   7.4540078e+02
   7.5053462e+02
   7.4881782e+02
   7.4750506e+02
   7.4414317e+02
   7.5339732e+02
   7.4614403e+02
   7.5067389e+02
   7.4658874e+02
   7.4750230e+02
   7.4695348e+02
   7.5284022e+02
   7.4519600e+02
   7.5144748e+02
   7.4414938e+02
   7.5004509e+02
   7.4460581e+02
   7.5335802e+02
   7.5594011e+02
   7.4885781e+02
   7.4534838e+02
   7.4535251e+02
   7.4822763e+02
   7.5135509e+02
   7.4741129e+02
   7.5062838e+02
   7.5314497e+02
   7.4448584e+02
   7.4560004e+02
   7.5177567e+02
   7.5131993e+02
   7.4494986e+02
   7.5410817e+02
   7.4745679e+02
   7.4449136e+02
   7.5071664e+02
   7.4598683e+02
   7.5509481e+02
   7.4671906e+02
   7.4989685e+02
   7.4702587e+02
   7.4376672e+02
   7.4561520e+02
   7.5092831e+02
   7.4993753e+02
   7.4748437e+02
   7.5439844e+02
   7.5067320e+02
   7.5261752e+02
   7.5607800e+02
   7.5395097e+02
   7.5374482e+02
   7.5703017e+02
   7.5649996e+02
   7.4860684e+02
   7.4838276e+02
   7.4994029e+02
   7.4607922e+02
   7.5193149e+02
   7.4919703e+02
   7.4673560e+02
   7.5106206e+02
   7.4940043e+02
   7.5333871e+02
   7.5157366e+02
   7.5504655e+02
   7.4795598e+02
   7.4643499e+02
   7.5695019e+02
   7.5321116e+02
   7.5424331e+02
   7.4504914e+02
   7.4671147e+02
   7.5423503e+02
   7.4999269e+02
   7.4915911e+02
   7.5458598e+02
   7.4929770e+02
   7.5305672e+02
   7.4755401e+02
   7.5282023e+02
   7.5576429e+02
   7.5083936e+02
   7.4690866e+02
   7.4650325e+02
   7.5349936e+02
   7.5408749e+02
   7.5251617e+02
   7.4715618e+02
   7.5114204e+02
   7.5212110e+02
   7.5435569e+02
   7.5122823e+02
   7.5373034e+02
   7.4950936e+02
   7.5828984e+02
   7.4772431e+02
   7.5192253e+02
   7.5120617e+02
   7.5466113e+02
   7.5555055e+02
   7.5246791e+02
   7.4964381e+02
   7.5351798e+02
   7.5355176e+02
   7.5405094e+02
   7.5291262e+02
   7.4901156e+02
   7.5191012e+02
   7.5139853e+02
   7.5276852e+02
   7.4689005e+02
   7.5359796e+02
   7.5490934e+02
   7.4824211e+02
   7.5141163e+02
   7.4795322e+02
   7.4897916e+02
   7.5205008e+02
   7.5959778e+02
   7.4486368e+02
   7.5035053e+02
   7.5118479e+02
   7.4811731e+02
   7.5563743e+02
   7.4942318e+02
   7.4716308e+02
   7.5395924e+02
   7.4734303e+02
   7.5387099e+02
   7.4847722e+02
   7.5306430e+02
   7.5076214e+02
   7.4833657e+02
   7.4756642e+02
   7.5395166e+02
   7.4763123e+02
   7.4893641e+02
   7.5677782e+02
   7.5501345e+02
   7.5671508e+02
   7.5174051e+02
   7.5017057e+02
   7.5452254e+02
   7.5461149e+02
   7.5358072e+02
   7.5521064e+02
   7.5173982e+02
   7.5006784e+02
   7.4764226e+02
   7.4616196e+02
   7.5681712e+02
   7.4911843e+02
   7.4937767e+02
   7.5118410e+02
   7.5588978e+02
   7.4862752e+02
   7.5326839e+02
   7.5390615e+02
   7.5256650e+02
   7.5375792e+02
